13405
13829
14252
15098
15521
15943
16365
16785
16831
16832
16833
16834
16835
17205
17484
17485
17486
17487
17488
17489
17624
17639
17640
17641
17642
17643
18159
18160
18161
18162
18163
18182
18183
18184
18185
18186
18187
18188
18189
18190
18191
18192
18193
18194
18195
18196
18197
18198
18199
18200
18201
18202
18204
18221
18222
18267
18268
18293
18294
18347
18348
18450
18473
18474
18623
18624
18641
18642
18709
18710
18711
18712
18849
18850
18859
19271
19281
19282
19327
19328
19663
19664
19665
19666
19680
19695
19696
19703
19704
19833
19834
19909
19910
19949
19950
19953
19954
20037
20038
20051
20052
20053
20054
20065
20066
20087
20129
